    0.10000E-03    0.44024E+03
    0.10202E-03    0.44877E+03
    0.10408E-03    0.45746E+03
    0.10618E-03    0.46633E+03
    0.10833E-03    0.47536E+03
    0.11052E-03    0.48457E+03
    0.11275E-03    0.49396E+03
    0.11503E-03    0.50352E+03
    0.11735E-03    0.51328E+03
    0.11972E-03    0.52322E+03
    0.12214E-03    0.53335E+03
    0.12461E-03    0.54368E+03
    0.12712E-03    0.55421E+03
    0.12969E-03    0.56495E+03
    0.13231E-03    0.57589E+03
    0.13499E-03    0.58704E+03
    0.13771E-03    0.59841E+03
    0.14049E-03    0.60999E+03
    0.14333E-03    0.62180E+03
    0.14623E-03    0.63384E+03
    0.14918E-03    0.64611E+03
    0.15220E-03    0.65862E+03
    0.15527E-03    0.67137E+03
    0.15841E-03    0.68437E+03
    0.16161E-03    0.69761E+03
    0.16487E-03    0.71112E+03
    0.16820E-03    0.72488E+03
    0.17160E-03    0.73891E+03
    0.17507E-03    0.75320E+03
    0.17860E-03    0.76778E+03
    0.18221E-03    0.78263E+03
    0.18589E-03    0.79777E+03
    0.18965E-03    0.81321E+03
    0.19348E-03    0.82894E+03
    0.19739E-03    0.84497E+03
    0.20138E-03    0.86131E+03
    0.20544E-03    0.87797E+03
    0.20959E-03    0.89495E+03
    0.21383E-03    0.91225E+03
    0.21815E-03    0.92988E+03
    0.22255E-03    0.94786E+03
    0.22705E-03    0.96618E+03
    0.23164E-03    0.98485E+03
    0.23632E-03    0.10039E+04
    0.24109E-03    0.10233E+04
    0.24596E-03    0.10430E+04
    0.25093E-03    0.10632E+04
    0.25600E-03    0.10837E+04
    0.26117E-03    0.11047E+04
    0.26645E-03    0.11260E+04
    0.27183E-03    0.11477E+04
    0.27732E-03    0.11699E+04
    0.28292E-03    0.11924E+04
    0.28864E-03    0.12154E+04
    0.29447E-03    0.12389E+04
    0.30042E-03    0.12628E+04
    0.30649E-03    0.12871E+04
    0.31268E-03    0.13120E+04
    0.31899E-03    0.13372E+04
    0.32544E-03    0.13630E+04
    0.33201E-03    0.13893E+04
    0.33872E-03    0.14160E+04
    0.34556E-03    0.14433E+04
    0.35254E-03    0.14711E+04
    0.35966E-03    0.14994E+04
    0.36693E-03    0.15283E+04
    0.37434E-03    0.15577E+04
    0.38190E-03    0.15876E+04
    0.38962E-03    0.16181E+04
    0.39749E-03    0.16492E+04
    0.40552E-03    0.16809E+04
    0.41371E-03    0.17132E+04
    0.42207E-03    0.17461E+04
    0.43060E-03    0.17796E+04
    0.43929E-03    0.18137E+04
    0.44817E-03    0.18485E+04
    0.45722E-03    0.18840E+04
    0.46646E-03    0.19201E+04
    0.47588E-03    0.19568E+04
    0.48550E-03    0.19943E+04
    0.49530E-03    0.20325E+04
    0.50531E-03    0.20713E+04
    0.51552E-03    0.21109E+04
    0.52593E-03    0.21513E+04
    0.53656E-03    0.21924E+04
    0.54739E-03    0.22342E+04
    0.55845E-03    0.22769E+04
    0.56973E-03    0.23203E+04
    0.58124E-03    0.23645E+04
    0.59299E-03    0.24095E+04
    0.60496E-03    0.24554E+04
    0.61719E-03    0.25021E+04
    0.62965E-03    0.25497E+04
    0.64237E-03    0.25981E+04
    0.65535E-03    0.26475E+04
    0.66859E-03    0.26977E+04
    0.68210E-03    0.27488E+04
    0.69588E-03    0.28009E+04
    0.70993E-03    0.28539E+04
    0.72427E-03    0.29079E+04
    0.73891E-03    0.29628E+04
    0.75383E-03    0.30188E+04
    0.76906E-03    0.30757E+04
    0.78460E-03    0.31337E+04
    0.80045E-03    0.31927E+04
    0.81662E-03    0.32528E+04
    0.83311E-03    0.33139E+04
    0.84994E-03    0.33762E+04
    0.86711E-03    0.34395E+04
    0.88463E-03    0.35040E+04
    0.90250E-03    0.35696E+04
    0.92073E-03    0.36363E+04
    0.93933E-03    0.37042E+04
    0.95831E-03    0.37733E+04
    0.97767E-03    0.38437E+04
    0.99742E-03    0.39152E+04
    0.10176E-02    0.39880E+04
    0.10381E-02    0.40620E+04
    0.10591E-02    0.41373E+04
    0.10805E-02    0.42139E+04
    0.11023E-02    0.42919E+04
    0.11246E-02    0.43711E+04
    0.11473E-02    0.44517E+04
    0.11705E-02    0.45337E+04
    0.11941E-02    0.46170E+04
    0.12182E-02    0.47017E+04
    0.12429E-02    0.47879E+04
    0.12680E-02    0.48755E+04
    0.12936E-02    0.49645E+04
    0.13197E-02    0.50550E+04
    0.13464E-02    0.51470E+04
    0.13736E-02    0.52405E+04
    0.14013E-02    0.53356E+04
    0.14296E-02    0.54322E+04
    0.14585E-02    0.55303E+04
    0.14880E-02    0.56300E+04
    0.15180E-02    0.57314E+04
    0.15487E-02    0.58343E+04
    0.15800E-02    0.59388E+04
    0.16119E-02    0.60450E+04
    0.16445E-02    0.61528E+04
    0.16777E-02    0.62623E+04
    0.17116E-02    0.63735E+04
    0.17462E-02    0.64863E+04
    0.17814E-02    0.66008E+04
    0.18174E-02    0.67171E+04
    0.18541E-02    0.68350E+04
    0.18916E-02    0.69547E+04
    0.19298E-02    0.70761E+04
    0.19688E-02    0.71992E+04
    0.20086E-02    0.73241E+04
    0.20491E-02    0.74508E+04
    0.20905E-02    0.75792E+04
    0.21328E-02    0.77094E+04
    0.21758E-02    0.78413E+04
    0.22198E-02    0.79751E+04
    0.22646E-02    0.81106E+04
    0.23104E-02    0.82479E+04
    0.23571E-02    0.83870E+04
    0.24047E-02    0.85279E+04
    0.24533E-02    0.86706E+04
    0.25028E-02    0.88150E+04
    0.25534E-02    0.89613E+04
    0.26050E-02    0.91094E+04
    0.26576E-02    0.92593E+04
    0.27113E-02    0.94110E+04
    0.27660E-02    0.95645E+04
    0.28219E-02    0.97198E+04
    0.28789E-02    0.98769E+04
    0.29371E-02    0.10036E+05
    0.29964E-02    0.10196E+05
    0.30569E-02    0.10359E+05
    0.31187E-02    0.10523E+05
    0.31817E-02    0.10689E+05
    0.32460E-02    0.10857E+05
    0.33115E-02    0.11027E+05
    0.33784E-02    0.11198E+05
    0.34467E-02    0.11371E+05
    0.35163E-02    0.11546E+05
    0.35874E-02    0.11723E+05
    0.36598E-02    0.11901E+05
    0.37338E-02    0.12081E+05
    0.38092E-02    0.12263E+05
    0.38861E-02    0.12446E+05
    0.39646E-02    0.12631E+05
    0.40447E-02    0.12817E+05
    0.41264E-02    0.13005E+05
    0.42098E-02    0.13193E+05
    0.42948E-02    0.13381E+05
    0.43816E-02    0.13569E+05
    0.44701E-02    0.13756E+05
    0.45604E-02    0.13942E+05
    0.46525E-02    0.14129E+05
    0.47465E-02    0.14315E+05
    0.48424E-02    0.14503E+05
    0.49402E-02    0.14692E+05
    0.50400E-02    0.14883E+05
    0.51419E-02    0.15077E+05
    0.52457E-02    0.15272E+05
    0.53517E-02    0.15469E+05
    0.54598E-02    0.15667E+05
    0.55701E-02    0.15866E+05
    0.56826E-02    0.16064E+05
    0.57974E-02    0.16263E+05
    0.59145E-02    0.16460E+05
    0.60340E-02    0.16657E+05
    0.61559E-02    0.16854E+05
    0.62803E-02    0.17050E+05
    0.64072E-02    0.17246E+05
    0.65366E-02    0.17441E+05
    0.66686E-02    0.17635E+05
    0.68033E-02    0.17829E+05
    0.69408E-02    0.18022E+05
    0.70810E-02    0.18213E+05
    0.72240E-02    0.18404E+05
    0.73700E-02    0.18592E+05
    0.75189E-02    0.18780E+05
    0.76708E-02    0.18965E+05
    0.78257E-02    0.19148E+05
    0.79838E-02    0.19329E+05
    0.81451E-02    0.19508E+05
    0.83096E-02    0.19685E+05
    0.84775E-02    0.19858E+05
    0.86488E-02    0.20029E+05
    0.88235E-02    0.20197E+05
    0.90017E-02    0.20362E+05
    0.91836E-02    0.20523E+05
    0.93691E-02    0.20681E+05
    0.95583E-02    0.20834E+05
    0.97514E-02    0.20984E+05
    0.99484E-02    0.21130E+05
    0.10149E-01    0.21270E+05
    0.10354E-01    0.21407E+05
    0.10564E-01    0.21538E+05
    0.10777E-01    0.21664E+05
    0.10995E-01    0.21784E+05
    0.11217E-01    0.21899E+05
    0.11443E-01    0.22008E+05
    0.11675E-01    0.22111E+05
    0.11910E-01    0.22207E+05
    0.12151E-01    0.22297E+05
    0.12397E-01    0.22380E+05
    0.12647E-01    0.22456E+05
    0.12902E-01    0.22524E+05
    0.13163E-01    0.22585E+05
    0.13429E-01    0.22638E+05
    0.13700E-01    0.22683E+05
    0.13977E-01    0.22719E+05
    0.14259E-01    0.22747E+05
    0.14547E-01    0.22766E+05
    0.14841E-01    0.22775E+05
    0.15141E-01    0.22776E+05
    0.15447E-01    0.22767E+05
    0.15759E-01    0.22748E+05
    0.16077E-01    0.22720E+05
    0.16402E-01    0.22681E+05
    0.16734E-01    0.22632E+05
    0.17072E-01    0.22573E+05
    0.17416E-01    0.22503E+05
    0.17768E-01    0.22422E+05
    0.18127E-01    0.22331E+05
    0.18493E-01    0.22229E+05
    0.18867E-01    0.22116E+05
    0.19248E-01    0.21992E+05
    0.19637E-01    0.21857E+05
    0.20034E-01    0.21711E+05
    0.20438E-01    0.21554E+05
    0.20851E-01    0.21387E+05
    0.21272E-01    0.21208E+05
    0.21702E-01    0.21019E+05
    0.22141E-01    0.20819E+05
    0.22588E-01    0.20609E+05
    0.23044E-01    0.20389E+05
    0.23510E-01    0.20159E+05
    0.23985E-01    0.19920E+05
    0.24469E-01    0.19672E+05
    0.24964E-01    0.19417E+05
    0.25468E-01    0.19153E+05
    0.25982E-01    0.18883E+05
    0.26507E-01    0.18606E+05
    0.27043E-01    0.18322E+05
    0.27589E-01    0.18031E+05
    0.28146E-01    0.17733E+05
    0.28715E-01    0.17428E+05
    0.29295E-01    0.17116E+05
    0.29887E-01    0.16801E+05
    0.30490E-01    0.16484E+05
    0.31106E-01    0.16169E+05
    0.31735E-01    0.15859E+05
    0.32376E-01    0.15555E+05
    0.33030E-01    0.15260E+05
    0.33697E-01    0.14974E+05
    0.34378E-01    0.14694E+05
    0.35072E-01    0.14419E+05
    0.35781E-01    0.14147E+05
    0.36504E-01    0.13876E+05
    0.37241E-01    0.13605E+05
    0.37993E-01    0.13333E+05
    0.38761E-01    0.13062E+05
    0.39544E-01    0.12792E+05
    0.40343E-01    0.12524E+05
    0.41158E-01    0.12261E+05
    0.41989E-01    0.12002E+05
    0.42838E-01    0.11748E+05
    0.43703E-01    0.11503E+05
    0.44586E-01    0.11267E+05
    0.45486E-01    0.11043E+05
    0.46405E-01    0.10832E+05
    0.47343E-01    0.10637E+05
    0.48299E-01    0.10458E+05
    0.49275E-01    0.10293E+05
    0.50270E-01    0.10142E+05
    0.51286E-01    0.99996E+04
    0.52322E-01    0.98655E+04
    0.53379E-01    0.97371E+04
    0.54457E-01    0.96124E+04
    0.55557E-01    0.94897E+04
    0.56680E-01    0.93672E+04
    0.57825E-01    0.92433E+04
    0.58993E-01    0.91164E+04
    0.60184E-01    0.89851E+04
    0.61400E-01    0.88480E+04
    0.62641E-01    0.87044E+04
    0.63906E-01    0.85546E+04
    0.65197E-01    0.83991E+04
    0.66514E-01    0.82381E+04
    0.67858E-01    0.80722E+04
    0.69229E-01    0.79014E+04
    0.70627E-01    0.77250E+04
    0.72054E-01    0.75414E+04
    0.73510E-01    0.73495E+04
    0.74994E-01    0.71483E+04
    0.76509E-01    0.69374E+04
    0.78055E-01    0.67186E+04
    0.79632E-01    0.64946E+04
    0.81241E-01    0.62678E+04
    0.82882E-01    0.60405E+04
    0.84556E-01    0.58152E+04
    0.86264E-01    0.55951E+04
    0.88007E-01    0.53829E+04
    0.89785E-01    0.51810E+04
    0.91598E-01    0.49913E+04
    0.93449E-01    0.48148E+04
    0.95337E-01    0.46521E+04
    0.97263E-01    0.45040E+04
    0.99227E-01    0.43706E+04
    0.10123E+00    0.42512E+04
    0.10328E+00    0.41453E+04
    0.10536E+00    0.40524E+04
    0.10749E+00    0.39707E+04
    0.10966E+00    0.38981E+04
    0.11188E+00    0.38325E+04
    0.11414E+00    0.37714E+04
    0.11644E+00    0.37112E+04
    0.11880E+00    0.36487E+04
    0.12120E+00    0.35813E+04
    0.12365E+00    0.35072E+04
    0.12614E+00    0.34252E+04
    0.12869E+00    0.33346E+04
    0.13129E+00    0.32358E+04
    0.13394E+00    0.31293E+04
    0.13665E+00    0.30169E+04
    0.13941E+00    0.29009E+04
    0.14223E+00    0.27838E+04
    0.14510E+00    0.26690E+04
    0.14803E+00    0.25596E+04
    0.15102E+00    0.24583E+04
    0.15407E+00    0.23671E+04
    0.15718E+00    0.22872E+04
    0.16036E+00    0.22186E+04
    0.16360E+00    0.21606E+04
    0.16690E+00    0.21113E+04
    0.17028E+00    0.20684E+04
    0.17371E+00    0.20291E+04
    0.17722E+00    0.19905E+04
    0.18080E+00    0.19502E+04
    0.18446E+00    0.19060E+04
    0.18818E+00    0.18566E+04
    0.19198E+00    0.18016E+04
    0.19586E+00    0.17419E+04
    0.19982E+00    0.16797E+04
    0.20386E+00    0.16171E+04
    0.20797E+00    0.15565E+04
    0.21218E+00    0.15004E+04
    0.21646E+00    0.14503E+04
    0.22083E+00    0.14063E+04
    0.22530E+00    0.13686E+04
    0.22985E+00    0.13361E+04
    0.23449E+00    0.13066E+04
    0.23923E+00    0.12778E+04
    0.24406E+00    0.12481E+04
    0.24899E+00    0.12165E+04
    0.25402E+00    0.11825E+04
    0.25915E+00    0.11463E+04
    0.26439E+00    0.11097E+04
    0.26973E+00    0.10741E+04
    0.27518E+00    0.10408E+04
    0.28074E+00    0.10103E+04
    0.28641E+00    0.98331E+03
    0.29219E+00    0.95923E+03
    0.29810E+00    0.93667E+03
    0.30412E+00    0.91438E+03
    0.31026E+00    0.89175E+03
    0.31653E+00    0.86862E+03
    0.32292E+00    0.84491E+03
    0.32945E+00    0.82122E+03
    0.33610E+00    0.79849E+03
    0.34289E+00    0.77746E+03
    0.34982E+00    0.75803E+03
    0.35689E+00    0.73975E+03
    0.36409E+00    0.72219E+03
    0.37145E+00    0.70503E+03
    0.37895E+00    0.68801E+03
    0.38661E+00    0.67097E+03
    0.39442E+00    0.65418E+03
    0.40239E+00    0.63802E+03
    0.41052E+00    0.62278E+03
    0.41881E+00    0.60834E+03
    0.42727E+00    0.59447E+03
    0.43590E+00    0.58099E+03
    0.44471E+00    0.56787E+03
    0.45369E+00    0.55508E+03
    0.46286E+00    0.54264E+03
    0.47221E+00    0.53052E+03
    0.48174E+00    0.51872E+03
    0.49148E+00    0.50723E+03
    0.50141E+00    0.49605E+03
    0.51153E+00    0.48516E+03
    0.52187E+00    0.47458E+03
    0.53241E+00    0.46427E+03
    0.54317E+00    0.45424E+03
    0.55414E+00    0.44449E+03
    0.56533E+00    0.43500E+03
    0.57675E+00    0.42577E+03
    0.58840E+00    0.41679E+03
    0.60029E+00    0.40806E+03
    0.61242E+00    0.39957E+03
    0.62479E+00    0.39131E+03
    0.63741E+00    0.38326E+03
    0.65029E+00    0.37542E+03
    0.66342E+00    0.36777E+03
    0.67683E+00    0.36032E+03
    0.69050E+00    0.35304E+03
    0.70445E+00    0.34593E+03
    0.71868E+00    0.33898E+03
    0.73320E+00    0.33219E+03
    0.74801E+00    0.32555E+03
    0.76312E+00    0.31905E+03
    0.77854E+00    0.31268E+03
    0.79426E+00    0.30644E+03
    0.81031E+00    0.30032E+03
    0.82668E+00    0.29432E+03
    0.84338E+00    0.28844E+03
    0.86041E+00    0.28266E+03
    0.87780E+00    0.27698E+03
    0.89553E+00    0.27140E+03
    0.91362E+00    0.26593E+03
    0.93208E+00    0.26054E+03
    0.95091E+00    0.25525E+03
    0.97011E+00    0.25004E+03
    0.98971E+00    0.24492E+03
    0.10097E+01    0.23988E+03
    0.10301E+01    0.23493E+03
    0.10509E+01    0.23005E+03
    0.10721E+01    0.22524E+03
    0.10938E+01    0.22051E+03
    0.11159E+01    0.21586E+03
    0.11384E+01    0.21127E+03
    0.11614E+01    0.20675E+03
    0.11849E+01    0.20229E+03
    0.12088E+01    0.19790E+03
    0.12333E+01    0.19358E+03
    0.12582E+01    0.18932E+03
    0.12836E+01    0.18512E+03
    0.13095E+01    0.18098E+03
    0.13360E+01    0.17689E+03
    0.13630E+01    0.17287E+03
    0.13905E+01    0.16890E+03
    0.14186E+01    0.16499E+03
    0.14472E+01    0.16114E+03
    0.14765E+01    0.15734E+03
    0.15063E+01    0.15360E+03
    0.15367E+01    0.14990E+03
    0.15678E+01    0.14627E+03
    0.15994E+01    0.14268E+03
    0.16318E+01    0.13915E+03
    0.16647E+01    0.13567E+03
    0.16984E+01    0.13224E+03
    0.17327E+01    0.12886E+03
    0.17677E+01    0.12553E+03
    0.18034E+01    0.12226E+03
    0.18398E+01    0.11904E+03
    0.18770E+01    0.11587E+03
    0.19149E+01    0.11275E+03
    0.19536E+01    0.10968E+03
    0.19930E+01    0.10667E+03
    0.20333E+01    0.10371E+03
    0.20744E+01    0.10079E+03
    0.21163E+01    0.97935E+02
    0.21590E+01    0.95126E+02
    0.22026E+01    0.92369E+02
    0.22471E+01    0.89664E+02
    0.22925E+01    0.87009E+02
    0.23388E+01    0.84406E+02
    0.23861E+01    0.81854E+02
    0.24343E+01    0.79354E+02
    0.24835E+01    0.76905E+02
    0.25336E+01    0.74507E+02
    0.25848E+01    0.72161E+02
    0.26370E+01    0.69867E+02
    0.26903E+01    0.67624E+02
    0.27447E+01    0.65431E+02
    0.28001E+01    0.63290E+02
    0.28567E+01    0.61199E+02
    0.29144E+01    0.59158E+02
    0.29733E+01    0.57167E+02
    0.30333E+01    0.55226E+02
    0.30946E+01    0.53333E+02
    0.31571E+01    0.51489E+02
    0.32209E+01    0.49693E+02
    0.32860E+01    0.47944E+02
    0.33523E+01    0.46243E+02
    0.34201E+01    0.44588E+02
    0.34892E+01    0.42980E+02
    0.35596E+01    0.41417E+02
    0.36316E+01    0.39899E+02
    0.37049E+01    0.38426E+02
    0.37798E+01    0.36996E+02
    0.38561E+01    0.35609E+02
    0.39340E+01    0.34265E+02
    0.40135E+01    0.32962E+02
    0.40946E+01    0.31700E+02
    0.41773E+01    0.30477E+02
    0.42617E+01    0.29295E+02
    0.43478E+01    0.28150E+02
    0.44356E+01    0.27043E+02
    0.45252E+01    0.25973E+02
    0.46166E+01    0.24939E+02
    0.47099E+01    0.23940E+02
    0.48050E+01    0.22976E+02
    0.49021E+01    0.22045E+02
    0.50011E+01    0.21147E+02
    0.51021E+01    0.20280E+02
    0.52052E+01    0.19445E+02
    0.53104E+01    0.18640E+02
    0.54176E+01    0.17864E+02
    0.55271E+01    0.17117E+02
    0.56387E+01    0.16398E+02
    0.57526E+01    0.15705E+02
    0.58689E+01    0.15039E+02
    0.59874E+01    0.14398E+02
    0.61084E+01    0.13782E+02
    0.62318E+01    0.13190E+02
    0.63577E+01    0.12620E+02
    0.64861E+01    0.12074E+02
    0.66171E+01    0.11548E+02
    0.67508E+01    0.11044E+02
    0.68872E+01    0.10560E+02
    0.70263E+01    0.10095E+02
    0.71682E+01    0.96492E+01
    0.73130E+01    0.92216E+01
    0.74608E+01    0.88115E+01
    0.76115E+01    0.84184E+01
    0.77653E+01    0.80416E+01
    0.79221E+01    0.76806E+01
    0.80822E+01    0.73347E+01
    0.82454E+01    0.70034E+01
    0.84120E+01    0.66862E+01
    0.85819E+01    0.63825E+01
    0.87553E+01    0.60918E+01
    0.89322E+01    0.58136E+01
    0.91126E+01    0.55475E+01
    0.92967E+01    0.52929E+01
    0.94845E+01    0.50494E+01
    0.96761E+01    0.48165E+01
    0.98716E+01    0.45939E+01
    0.10071E+02    0.43811E+01
    0.10274E+02    0.41777E+01
    0.10482E+02    0.39834E+01
    0.10694E+02    0.37977E+01
    0.10910E+02    0.36204E+01
    0.11130E+02    0.34509E+01
    0.11355E+02    0.32892E+01
    0.11584E+02    0.31347E+01
    0.11818E+02    0.29873E+01
    0.12057E+02    0.28465E+01
    0.12301E+02    0.27122E+01
    0.12549E+02    0.25840E+01
    0.12803E+02    0.24616E+01
    0.13061E+02    0.23449E+01
    0.13325E+02    0.22336E+01
    0.13594E+02    0.21274E+01
    0.13869E+02    0.20261E+01
    0.14149E+02    0.19295E+01
    0.14435E+02    0.18374E+01
    0.14727E+02    0.17495E+01
    0.15024E+02    0.16657E+01
    0.15328E+02    0.15859E+01
    0.15637E+02    0.15098E+01
    0.15953E+02    0.14372E+01
    0.16275E+02    0.13681E+01
    0.16604E+02    0.13022E+01
    0.16940E+02    0.12394E+01
    0.17282E+02    0.11795E+01
    0.17631E+02    0.11225E+01
    0.17987E+02    0.10682E+01
    0.18351E+02    0.10165E+01
    0.18721E+02    0.96724E+00
    0.19099E+02    0.92033E+00
    0.19485E+02    0.87567E+00
    0.19879E+02    0.83315E+00
    0.20280E+02    0.79267E+00
    0.20690E+02    0.75414E+00
    0.21108E+02    0.71747E+00
    0.21535E+02    0.68257E+00
    0.21970E+02    0.64935E+00
    0.22413E+02    0.61775E+00
    0.22866E+02    0.58768E+00
    0.23328E+02    0.55908E+00
